function [x,y] = Dane2
%Dane do zadania 2 
x=[-5 -4 -3 -2 -1 0 1 2 3 4 5];
y=[-42.4178 -23.4401 -11.1607 -4.1288 -0.7257 0.9429 -2.0697 -3.9085 -4.7050 -5.4389 -3.5781]';

end
